-1.911609980397548e+00  
6.652828060551094e-14  
-3.050071353116556e+00  
6.585157323812037e-14  
9.514286813193195e-01  
6.356768587317719e-14  
-9.139500602304791e-02  
5.989866311560644e-14  
4.373863494836239e-03  
5.879174432617362e-14  
-1.262604342649329e-04  
6.551771641200716e-14  
2.445028529693912e-06  
7.638941349248533e-14  
-3.401238255061942e-08  
9.713909657323811e-14  
3.567705062959968e-10  
1.091884653306203e-13  
-2.751543707505897e-12  
1.246696855171342e-13  
1.984210153565468e-13  
1.412335087391785e-13  
1.971630131405697e-13  
1.264011500106773e-13  
2.080446383220781e-13  
1.394324398509656e-13  
1.732220085667530e-13  
1.541649232528019e-13  
1.748125453916925e-13  
1.486158023565690e-13  
1.849471695673932e-13  
1.504974119940139e-13  
1.549226267898427e-13  
1.448554613803037e-13  
1.566435473395903e-13  
7.021146669133907e-14  
1.412520893901663e-13  
2.835077188666292e-14  
1.149556640354733e-13  
4.180033081355053e-14  
2.436146522606058e-14  
1.371697506684181e-14  
2.030122102171715e-15  
