3.790926365625291e-07  
-7.696824614083600e+09  
1.453218005952381e-06  
9.017680850176720e+09  
-1.453218005952381e-06  
-1.410048898842564e+09  
-1.816522507440476e-07  
9.249528854491243e+07  
-1.260212489536830e-06  
-3.380455748237587e+06  
7.652810641697474e-07  
7.910384358761353e+04  
6.945005484989711e-08  
-1.289239591414220e+03  
-6.520145429281650e-07  
1.549069109947439e+01  
1.048709053396210e-06  
-1.429809267300470e-01  
-8.971912535999620e-07  
1.044697445798778e-03  
7.160246941728061e-08  
-8.607367499381547e-06  
5.528271425153830e-07  
-3.464252141825954e-06  
8.237498162874271e-07  
-2.316130464898404e-06  
9.671469747391234e-07  
-1.151347501991666e-06  
-3.470728361640968e-07  
-1.086055462026553e-06  
-1.358699851802417e-06  
-2.615483926874923e-06  
-6.918396268572125e-07  
-1.936682816062328e-06  
9.082612537202380e-08  
-3.001051472765731e-06  
1.271565755208333e-06  
-3.273529848881803e-06  
-7.266090029761904e-07  
-4.726747854834184e-06  
1.453218005952381e-06  
-4.726747854834184e-06  
-5.607448873065767e-07  
