6.326371305127798e-16  
5.692306863595047e-01  
2.537652627714643e-16  
-6.669166724059796e-01  
2.537652627714643e-16  
1.042823687342365e-01  
3.383536836952858e-16  
-6.840633536991989e-03  
1.916456411555330e-17  
2.500068849499067e-04  
-2.237586769310560e-16  
-5.850248309072082e-06  
-4.354749654462909e-16  
9.534772724972931e-08  
-7.363281561004354e-16  
-1.145638615665917e-09  
-4.160877070178245e-16  
1.057389091158819e-11  
-5.690414765499356e-16  
-7.795381107301964e-14  
-3.547414365082599e-16  
-2.373849463038282e-16  
3.079865085366945e-16  
-5.481599219863317e-16  
-2.509664408382915e-16  
2.935843172085791e-16  
-3.543600706171399e-16  
-4.660330705054567e-16  
6.854222372917320e-17  
-4.814496776899500e-16  
-1.474921530394968e-16  
3.487659931687631e-17  
1.767352798501133e-16  
-3.404122383877490e-16  
1.087754225317266e-15  
4.880339211444024e-18  
5.815453938512725e-16  
4.717454967335475e-17  
-1.691768418476429e-16  
8.507645484496585e-16  
3.383536836952858e-16  
1.740571810590869e-16  
-3.765589031066797e-16  
